0 0.808594 0.324219 0.015625 0.015625
0 0.708984 0.342773 0.011719 0.021484
0 0.828125 0.455078 0.011719 0.019531
0 0.923828 0.420898 0.015625 0.013672
0 0.753906 0.587891 0.011719 0.015625
0 0.783203 0.553711 0.011719 0.013672
0 0.737305 0.511719 0.013672 0.011719
0 0.725586 0.478516 0.013672 0.015625
0 0.687500 0.444336 0.011719 0.017578
0 0.769531 0.461914 0.011719 0.013672
0 0.788086 0.399414 0.013672 0.013672
0 0.825195 0.399414 0.017578 0.017578
0 0.879883 0.449219 0.013672 0.015625
0 0.815430 0.528320 0.013672 0.013672
0 0.837891 0.551758 0.015625 0.013672
0 0.826172 0.588867 0.011719 0.013672
0 0.853516 0.589844 0.015625 0.015625
0 0.844727 0.637695 0.013672 0.013672
0 0.894531 0.597656 0.011719 0.015625
0 0.915039 0.561523 0.013672 0.017578
0 0.876953 0.549805 0.015625 0.017578
0 0.943359 0.514648 0.015625 0.017578
0 0.979492 0.488281 0.013672 0.015625
0 0.594727 0.146484 0.013672 0.019531
0 0.537109 0.112305 0.019531 0.013672
0 0.460938 0.069336 0.011719 0.013672
0 0.475586 0.186523 0.013672 0.013672
1 0.683594 0.174805 0.027344 0.013672
1 0.795898 0.602539 0.017578 0.021484
