0 0.576172 0.341797 0.011719 0.007812
0 0.583008 0.329102 0.009766 0.013672
0 0.741211 0.724609 0.009766 0.011719
0 0.437500 0.732422 0.015625 0.011719
0 0.446289 0.761719 0.013672 0.015625
0 0.469727 0.676758 0.013672 0.009766
0 0.521484 0.620117 0.011719 0.017578
6 0.551758 0.324219 0.025391 0.031250
6 0.533203 0.302734 0.023438 0.023438
6 0.517578 0.287109 0.023438 0.023438
6 0.501953 0.276367 0.023438 0.025391
6 0.487305 0.264648 0.025391 0.021484
6 0.471680 0.248047 0.021484 0.019531
6 0.502930 0.229492 0.025391 0.029297
6 0.519531 0.240234 0.023438 0.031250
6 0.492188 0.219727 0.023438 0.025391
6 0.476562 0.212891 0.023438 0.027344
6 0.461914 0.237305 0.021484 0.021484
1 0.738281 0.222656 0.015625 0.015625
1 0.799805 0.179688 0.017578 0.019531
