1 0.800781 0.279297 0.031250 0.027344
1 0.431641 0.577148 0.015625 0.013672
0 0.908203 0.506836 0.019531 0.017578
0 0.461914 0.788086 0.017578 0.013672
0 0.376953 0.772461 0.011719 0.013672
0 0.351562 0.750977 0.015625 0.013672
0 0.319336 0.764648 0.021484 0.009766
0 0.312500 0.789062 0.015625 0.011719
0 0.326172 0.811523 0.015625 0.009766
0 0.356445 0.842773 0.013672 0.009766
0 0.362305 0.804688 0.009766 0.007812
0 0.401367 0.798828 0.013672 0.011719
0 0.425781 0.813477 0.015625 0.013672
0 0.444336 0.826172 0.013672 0.015625
0 0.472656 0.836914 0.011719 0.017578
0 0.485352 0.853516 0.009766 0.015625
0 0.491211 0.913086 0.017578 0.009766
0 0.525391 0.928711 0.015625 0.009766
0 0.613281 0.959961 0.015625 0.009766
0 0.235352 0.625977 0.013672 0.017578
6 0.166016 0.610352 0.035156 0.044922
6 0.120117 0.661133 0.068359 0.060547
6 0.161133 0.730469 0.080078 0.121094
6 0.100586 0.694336 0.056641 0.060547
6 0.088867 0.723633 0.064453 0.068359
6 0.076172 0.743164 0.062500 0.064453
6 0.062500 0.751953 0.042969 0.039062
6 0.050781 0.768555 0.050781 0.044922
