0 0.198242 0.156250 0.017578 0.023438
0 0.110352 0.339844 0.013672 0.015625
0 0.200195 0.349609 0.009766 0.011719
0 0.243164 0.339844 0.009766 0.011719
0 0.257812 0.394531 0.011719 0.015625
0 0.289062 0.409180 0.011719 0.013672
0 0.303711 0.450195 0.013672 0.013672
0 0.340820 0.432617 0.013672 0.013672
0 0.385742 0.476562 0.013672 0.015625
0 0.434570 0.470703 0.009766 0.011719
0 0.470703 0.459961 0.011719 0.013672
0 0.475586 0.476562 0.009766 0.011719
0 0.491211 0.427734 0.013672 0.011719
0 0.444336 0.444336 0.013672 0.009766
0 0.444336 0.412109 0.009766 0.015625
0 0.472656 0.403320 0.011719 0.013672
0 0.464844 0.314453 0.011719 0.015625
0 0.549805 0.333008 0.013672 0.009766
0 0.420898 0.386719 0.021484 0.011719
0 0.237305 0.523438 0.013672 0.011719
0 0.219727 0.567383 0.013672 0.013672
0 0.240234 0.485352 0.007812 0.013672
0 0.227539 0.454102 0.013672 0.013672
0 0.186523 0.424805 0.009766 0.009766
0 0.166992 0.405273 0.009766 0.009766
0 0.130859 0.432617 0.015625 0.013672
0 0.082031 0.513672 0.011719 0.011719
0 0.104492 0.475586 0.009766 0.013672
0 0.062500 0.464844 0.007812 0.011719
0 0.031250 0.555664 0.011719 0.013672
0 0.012695 0.373047 0.013672 0.015625
0 0.068359 0.373047 0.011719 0.011719
0 0.011719 0.315430 0.011719 0.017578
0 0.039062 0.503906 0.011719 0.011719
0 0.020508 0.463867 0.009766 0.013672
0 0.012695 0.503906 0.009766 0.015625
6 0.502930 0.291016 0.021484 0.062500
6 0.543945 0.285156 0.017578 0.039062
6 0.572266 0.271484 0.019531 0.035156
6 0.611328 0.346680 0.078125 0.080078
6 0.665039 0.434570 0.021484 0.025391
6 0.642578 0.425781 0.015625 0.027344
6 0.617188 0.414062 0.015625 0.027344
6 0.592773 0.395508 0.025391 0.021484
6 0.572266 0.376953 0.019531 0.023438
6 0.685547 0.368164 0.035156 0.017578
6 0.697266 0.351562 0.027344 0.015625
6 0.665039 0.337891 0.025391 0.039062
6 0.622070 0.280273 0.037109 0.041016
