1 0.980469 0.206055 0.027344 0.029297
1 0.941406 0.754883 0.011719 0.017578
0 0.178711 0.184570 0.013672 0.009766
0 0.198242 0.425781 0.013672 0.007812
0 0.222656 0.487305 0.011719 0.009766
0 0.178711 0.524414 0.009766 0.009766
0 0.153320 0.519531 0.009766 0.011719
0 0.151367 0.492188 0.009766 0.011719
0 0.124023 0.509766 0.009766 0.011719
1 0.136719 0.477539 0.023438 0.013672
0 0.094727 0.469727 0.013672 0.013672
0 0.072266 0.487305 0.011719 0.013672
0 0.113281 0.480469 0.011719 0.011719
0 0.040039 0.524414 0.013672 0.013672
0 0.045898 0.502930 0.013672 0.009766
0 0.034180 0.581055 0.013672 0.009766
0 0.311523 0.803711 0.013672 0.013672
0 0.306641 0.839844 0.011719 0.011719
0 0.471680 0.083984 0.013672 0.011719
