0 0.396484 0.541992 0.015625 0.013672
0 0.278320 0.398438 0.013672 0.015625
0 0.365234 0.417969 0.015625 0.011719
0 0.324219 0.425781 0.019531 0.011719
0 0.297852 0.416992 0.013672 0.013672
0 0.013672 0.241211 0.015625 0.021484
0 0.034180 0.269531 0.017578 0.015625
0 0.119141 0.533203 0.015625 0.015625
0 0.202148 0.561523 0.013672 0.017578
0 0.248047 0.553711 0.015625 0.013672
0 0.285156 0.545898 0.015625 0.013672
0 0.291016 0.558594 0.015625 0.015625
0 0.306641 0.514648 0.015625 0.013672
0 0.256836 0.529297 0.013672 0.015625
0 0.255859 0.496094 0.015625 0.011719
0 0.286133 0.487305 0.013672 0.017578
0 0.052734 0.568359 0.019531 0.015625
0 0.048828 0.607422 0.019531 0.015625
0 0.087891 0.623047 0.019531 0.011719
0 0.034180 0.653320 0.017578 0.017578
0 0.041016 0.539062 0.015625 0.015625
0 0.072266 0.478516 0.015625 0.019531
0 0.102539 0.493164 0.017578 0.017578
0 0.154297 0.516602 0.015625 0.013672
0 0.058594 0.423828 0.011719 0.015625
0 0.013672 0.431641 0.011719 0.015625
0 0.011719 0.619141 0.011719 0.011719
0 0.132812 0.467773 0.011719 0.009766
0 0.157227 0.483398 0.013672 0.013672
1 0.232422 0.471680 0.023438 0.013672
1 0.103516 0.167969 0.023438 0.015625
6 0.314453 0.374023 0.031250 0.056641
6 0.349609 0.361328 0.042969 0.050781
6 0.383789 0.352539 0.029297 0.041016
6 0.433594 0.364258 0.039062 0.041016
6 0.425781 0.430664 0.082031 0.080078
6 0.386719 0.459961 0.027344 0.025391
6 0.404297 0.478516 0.023438 0.019531
6 0.432617 0.497070 0.017578 0.025391
6 0.458008 0.505859 0.017578 0.027344
6 0.480469 0.515625 0.015625 0.019531
6 0.501953 0.450195 0.039062 0.029297
6 0.509766 0.434570 0.027344 0.017578
6 0.477539 0.417969 0.025391 0.039062
6 0.454102 0.403320 0.029297 0.041016
