0 0.039062 0.541016 0.011719 0.007812
0 0.041016 0.504883 0.011719 0.013672
0 0.020508 0.500977 0.013672 0.009766
0 0.013672 0.529297 0.011719 0.007812
0 0.031250 0.523438 0.011719 0.011719
0 0.238281 0.536133 0.011719 0.009766
0 0.268555 0.541992 0.009766 0.009766
0 0.316406 0.561523 0.011719 0.009766
0 0.375977 0.581055 0.009766 0.009766
0 0.525391 0.565430 0.011719 0.009766
0 0.517578 0.597656 0.011719 0.011719
0 0.077148 0.431641 0.009766 0.011719
1 0.391602 0.368164 0.021484 0.009766
1 0.214844 0.301758 0.027344 0.009766
1 0.097656 0.282227 0.023438 0.013672
1 0.481445 0.297852 0.013672 0.017578
1 0.665039 0.119141 0.021484 0.011719
0 0.762695 0.305664 0.017578 0.013672
