1 0.544922 0.650391 0.019531 0.019531
1 0.521484 0.559570 0.015625 0.025391
1 0.791992 0.837891 0.021484 0.015625
1 0.801758 0.822266 0.013672 0.011719
0 0.591797 0.800781 0.011719 0.011719
0 0.226562 0.872070 0.011719 0.013672
0 0.487305 0.885742 0.013672 0.013672
0 0.579102 0.907227 0.013672 0.013672
0 0.606445 0.933594 0.009766 0.011719
0 0.596680 0.993164 0.013672 0.013672
6 0.839844 0.787109 0.027344 0.058594
6 0.877930 0.776367 0.029297 0.044922
6 0.905273 0.764648 0.033203 0.041016
6 0.883789 0.858398 0.017578 0.021484
6 0.948242 0.840820 0.080078 0.091797
6 0.940430 0.762695 0.017578 0.017578
6 0.927734 0.892578 0.023438 0.027344
6 0.909180 0.872070 0.025391 0.029297
6 0.950195 0.910156 0.021484 0.031250
6 0.978516 0.923828 0.023438 0.031250
6 0.990234 0.838867 0.019531 0.033203
6 0.967773 0.792969 0.025391 0.023438
